time,x,y,z,phi,theta,psi,x_velocity,y_velocity,z_velocity,phi_velocity,theta_velocity,psi_velocity,rotor_speed1,rotor_speed2,rotor_speed3,rotor_speed4
0.06,-1.5766003974e-07,1.159903724e-07,10.0071865322,0.000108153511243,0.000141445292238,0.0,-1.438990592e-05,1.07748994533e-05,0.239530876089,0.00518400952705,0.00669867555505,0.0,478.9023678637077,479.4114817991494,478.9110105964513,479.30504535076864
0.12000000000000001,-5.39631393361e-06,3.73965111323e-06,10.0221737706,9.61807995861e-05,0.000960541853994,0.0,-0.00021779115546,0.000126288843174,0.260039060446,-0.0140504229602,0.024820490654,0.0,409.9553099662396,411.56203272163907,412.03908410394234,410.33542664994263
0.18,-4.58432246387e-05,1.00938998711e-05,10.0423073984,6.28254926093,0.00237530237074,0.0,-0.00128960725971,-5.16551081957e-07,0.411038755253,-0.00874511568721,0.0209740507377,0.0,452.7996918377974,452.49024827256534,452.91078353179415,453.3373291866447
0.23999999999999996,-0.000189752923174,-8.65794779676e-06,10.074748691,6.28170016795,0.00379365376162,0.0,-0.00367574603526,-0.000706805006848,0.670221112849,-0.0280788982371,0.0284972571733,0.0,485.32477293605376,485.8890301602029,485.11812599531106,483.6645286213095
0.3,-0.000495219533525,-8.81965109076e-05,10.1179484137,6.27965872319,0.00558218054788,0.0,-0.00668463557345,-0.00213023565714,0.769706261023,-0.0498673114442,0.0323102264366,0.0,437.71401188842225,438.0314612041628,437.47048293347444,435.65210173385395
0.36000000000000004,-0.00101677616914,-0.00029876189172,10.1667661941,6.27673605541,0.00731672486235,0.0,-0.0108852962974,-0.0051845696557,0.857488401188,-0.0464943465699,0.0210517093146,0.0,433.52675645130216,432.5801221748548,434.0711999580284,434.3525974063006
0.4200000000000001,-0.00184248694092,-0.000768844952343,10.2234237754,6.27418738665,0.00826233542479,0.0,-0.0167653398045,-0.0107840234284,1.03095380607,-0.0354612644479,0.00222334743965,0.0,461.2133829768629,459.7240160832976,459.8843741539808,460.7563973153333
0.48000000000000015,-0.00302457571939,-0.0016153667178,10.2888904615,6.27231008019,0.00821773662408,0.0,-0.0226421796339,-0.0176414043602,1.15115324047,-0.0240326783409,-0.00745823696828,0.0,444.06248783938537,443.2677009688615,444.5863142004023,445.5212430073377
0.5400000000000001,-0.00452142179983,-0.00286281478068,10.3572567592,6.27080344218,0.00816119180543,0.0,-0.0272338493982,-0.0240638484168,1.12774555477,-0.0273584063576,0.00965061709475,0.0,396.75014504610255,398.3177209373289,397.0375640826722,396.7321652364282
0.6000000000000002,-0.00631830442885,-0.00455386928847,10.4267674344,6.26938999456,0.00981400321234,0.0,-0.0327821903086,-0.0324500667343,1.18921161579,-0.0168726824091,0.0498617588074,0.0,423.6770877627216,427.1201876107633,425.78446861052555,426.6804008569546
0.6600000000000003,-0.0085133927218,-0.00680809626346,10.5024367573,6.26794924347,0.0130595393612,0.0,-0.0407253256854,-0.0428146307822,1.33293657829,-0.0447795150799,0.0614342870129,0.0,451.4583382608297,452.39288984942874,453.213807099517,450.9652897871075
0.7200000000000003,-0.0113204079575,-0.00979310218575,10.5911972463,6.26520688691,0.0163369332269,0.0,-0.0532985302403,-0.0570337703752,1.62536477474,-0.0476257224739,0.0353281279179,0.0,497.0735471538121,495.1584787714105,495.9349956159313,495.72493018270757
0.7800000000000004,-0.0149108830964,-0.0136495198796,10.6945237277,6.26223018372,0.0183331669443,0.0,-0.0666179490624,-0.0718455006227,1.81855281201,-0.0539115193888,0.0288013030459,0.0,468.5892298188487,468.081992664724,468.19042359038934,467.6997366508655
0.8400000000000004,-0.0192701717087,-0.018378324377,10.8053906819,6.25940076111,0.0199735728104,0.0,-0.0788516132109,-0.0860673711943,1.87690762119,-0.0362511489816,0.0242451661685,0.0,427.55030103354846,427.1621844544679,425.6090965464926,427.11629658545985
0.9000000000000005,-0.0244572263703,-0.0240860912212,10.9228571426,6.25786140841,0.0214543153883,0.0,-0.0942078868421,-0.104384974828,2.03835748633,-0.0101466624468,0.0255328709681,0.0,459.05352995267924,459.1557633582545,458.7984561944077,460.86603956288377
0.9600000000000005,-0.0306105340086,-0.0309334163615,11.0504877666,6.25778500935,0.0235494906703,0.0,-0.111106395251,-0.123885174349,2.21566269712,0.0122821443256,0.0490723103004,0.0,464.1982067973597,466.0420689044883,463.6805675584451,465.4391738360906
1.0200000000000005,-0.0376979263447,-0.0388069618026,11.1832223184,6.25921381809,0.0266510925538,0.0,-0.125401505373,-0.138468004448,2.20883009243,0.0403221560541,0.0564767527684,0.0,405.689042499772,406.3553093422752,406.1492883090968,408.6564561469453
1.0800000000000005,-0.0457685774996,-0.0475864558594,11.3181135482,6.26149999705,0.0296642076358,0.0,-0.143937036757,-0.153945729496,2.28738485999,0.0332488738466,0.0331877718581,0.0,435.5256514358214,433.57506162247364,435.67177808147113,435.08072749602485
1.1400000000000006,-0.0550975774328,-0.0573143289333,11.4607457457,6.26400032643,0.031653250731,0.0,-0.167245214418,-0.170049539088,2.46664876999,0.0546855270158,0.0330765229334,0.0,466.8213971242316,466.8130885746473,465.2206113276096,466.89681140904827
1.2000000000000006,-0.0658637020429,-0.0679418998855,11.6139056667,6.26731305456,0.0336620112698,0.0,-0.191838697188,-0.183825431262,2.63829917488,0.0562446824572,0.034272892208,0.0,465.1053445066515,465.19942247909927,464.6534030391802,464.77751866938223
1.2600000000000007,-0.0780202695172,-0.0792612713507,11.7734988282,6.27028583934,0.0359801335952,0.0,-0.213583140481,-0.193184306336,2.68136848746,0.0307310232925,0.0461773675803,0.0,424.13765800035515,425.15962554125383,427.4142236661534,425.2357998245485
1.3200000000000007,-0.0915485196684,-0.0910986280416,11.9362443247,6.2719553303,0.0385654884123,0.0,-0.237612653434,-0.201223064617,2.74332456054,0.021267096672,0.0360623534693,0.0,432.35765596432304,431.5056893897865,432.2056242158145,431.40748156294234
1.3800000000000008,-0.106592788272,-0.103394461864,12.1033544429,6.27268175445,0.0411195977909,0.0,-0.264093051055,-0.20852164745,2.82679849391,-0.0213448196981,0.0531455939505,0.0,438.3759102172111,439.79412410687263,440.8835178413432,437.34867050343087
1.4400000000000008,-0.123278276496,-0.116122334148,12.2753799587,6.27173861247,0.0451155243604,0.0,-0.292446441538,-0.215846919476,2.90716227246,-0.00634336170118,0.0850255688102,0.0,437.5376661839174,440.18690470187937,437.68578168942014,438.93258479503857
1.5000000000000009,-0.141650113114,-0.129280480777,12.4500276392,6.27110139176,0.049873985725,0.0,-0.32038616226,-0.222801195656,2.91438167338,-0.020952843552,0.0643011525284,0.0,415.8903407246708,414.076517883282,416.00064485277824,414.7194784189393
1.560000000000001,-0.161969641493,-0.142916241674,12.6288515489,6.26988064108,0.0540748042079,0.0,-0.357346839755,-0.231851962893,3.04604155459,-0.0191587733175,0.0795065935391,0.0,454.41607202882784,455.6368828057739,455.2947631811744,455.43831148923454
1.620000000000001,-0.184805809021,-0.157171164672,12.8192920919,6.26826680938,0.0586016808508,0.0,-0.404403531395,-0.243464592473,3.30122859729,-0.0506179156417,0.0657614420347,0.0,491.82046675877996,490.8052072812274,494.6166295150444,492.2940798760094
1.680000000000001,-0.210499839633,-0.172152612139,13.0237401767,6.2648431279,0.0627537219669,0.0,-0.452508554578,-0.25628340382,3.51303133173,-0.0748243017261,0.0753152552039,0.0,480.2908775542422,481.01814625239194,483.09941845181436,481.2685550184074
1.740000000000001,-0.23881966171,-0.187882455292,13.2351892301,6.26040235357,0.0672272260929,0.0,-0.491889139608,-0.268446141607,3.53515311479,-0.0724384551008,0.0730009490472,0.0,424.2586275572238,424.0645041407912,424.2526060246751,424.45285992502784
1.8000000000000012,-0.27033620542,-0.204680051751,13.4589915978,6.25735892604,0.0715140724639,0.0,-0.559204795387,-0.291950532484,3.92359549442,-0.0255938054782,0.0681456912327,0.0,531.4776302517923,531.1477535879291,530.6469167133444,533.8512043632395
1.8600000000000012,-0.305228665106,-0.222679900029,13.6952053926,6.25642478855,0.0759301006768,0.0,-0.604261350854,-0.308149435178,3.95005678627,-0.000689036860447,0.0827316602751,0.0,427.5371374974262,428.78255240086713,428.50486889541486,430.61697887832946
1.9200000000000013,-0.343278176574,-0.241792498002,13.937775134,6.25615447127,0.0816098608145,0.0,-0.664623809724,-0.328935269518,4.13487564558,-0.0135075329895,0.111576976033,0.0,478.47632045720667,480.67399938048334,477.1581711700222,476.1786075505524
1.9800000000000013,-0.384838577835,-0.262079802375,14.1884101225,6.25528838964,0.0887679461988,0.0,-0.721391148072,-0.347382005965,4.21922559802,-0.0163565927854,0.13144733492,0.0,447.8813624884645,449.50709233104993,449.8949726195451,449.6643245059253
2.0400000000000014,-0.429602347131,-0.283382359917,14.4402070573,6.25472665863,0.0965136916924,0.0,-0.771379806099,-0.362766633858,4.17408322468,0.00186093923917,0.123926581391,0.0,407.78159933133094,407.12602459240804,407.10765362356415,408.7347275654592
2.1000000000000014,-0.47743280161,-0.305597381308,14.6886900779,6.25467579791,0.104005064806,0.0,-0.823572166193,-0.377737177651,4.10883378752,-0.00690580106877,0.126651740864,0.0,401.22599922170116,401.48935717983954,400.0781087159673,399.27903025523835
2.1600000000000015,-0.528974531044,-0.328837447849,14.9376008987,6.25420626073,0.111308094859,0.0,-0.895194816711,-0.39696523163,4.1877834756,-0.00973185686414,0.109370754201,0.0,449.29076347031946,447.90046287798697,447.52818563324087,447.29819442246855
2.2200000000000015,-0.584843516538,-0.353211699076,15.1902267092,6.25374369608,0.117600619249,0.0,-0.967692854712,-0.415552171347,4.23279497625,-0.00394362690188,0.0938983931771,0.0,438.86293510665683,437.58634748347487,437.72151849887575,438.20310377605415
2.2800000000000016,-0.645485014078,-0.378784113822,15.4480898409,6.25334396468,0.122689174162,0.0,-1.05422020903,-0.436878647278,4.36203039612,-0.0127450679438,0.052063492908,0.0,466.23115857621514,462.95574845342185,465.6701469266012,464.98119586531186
2.3400000000000016,-0.710854020363,-0.405510046591,15.7091338098,6.25241985075,0.125552616097,0.0,-1.12501728647,-0.454058149634,4.33944373782,-0.0213293614758,0.0372097724333,0.0,418.94884846021347,417.65669408391534,417.55739027067847,416.8078245423256
2.4000000000000017,-0.780812320563,-0.433355629391,15.9711231531,6.2507104583,0.128256054894,0.0,-1.20714633745,-0.474256457558,4.39323995027,-0.0493509418961,0.0573635857952,0.0,442.2902943354782,443.948348723881,443.55832454491457,441.25044918601367
2.4600000000000017,-0.855505524297,-0.46238749392,16.2343826971,6.24805926383,0.132462850417,0.0,-1.28297477257,-0.49371008423,4.3820133766,-0.0354670488193,0.0878546549526,0.0,421.0103059414739,423.6443225683732,421.51127652840194,422.70828479722275
2.520000000000002,-0.93505396297,-0.492689014085,16.4986230653,6.24613283944,0.138350531475,0.0,-1.36915065301,-0.516520294487,4.4256803493,-0.0261168861946,0.113276267948,0.0,439.0611610565474,441.17351687112966,440.2337403033599,441.00641346921077
2.580000000000002,-1.01983782167,-0.524379145467,16.7650768484,6.24457403044,0.145295196492,0.0,-1.45759626825,-0.539952052812,4.45581974117,-0.0257081080274,0.120268868211,0.0,436.44702058884457,437.04251698393153,436.6907642813874,436.7247205899949
2.640000000000002,-1.11000822554,-0.557489566296,17.0329528767,6.24296162274,0.152835645891,0.0,-1.54874223327,-0.563862526375,4.47312016426,-0.029312050412,0.134731737292,0.0,432.0253087421985,433.2578911910812,433.91909548991566,433.6162228962255
2.700000000000002,-1.20575150067,-0.592054076195,17.3015929069,6.24115030859,0.160789774396,0.0,-1.64340858921,-0.588438163146,4.48129862731,-0.0320015673183,0.127853722569,0.0,430.47111237177273,429.9054003840504,431.55184015974856,431.3244083262535
2.760000000000002,-1.30734720892,-0.6281324792,17.5708658809,6.23945545288,0.168128853149,0.0,-1.74378392058,-0.614326797891,4.49419061484,-0.02163612715,0.107962408999,0.0,433.27306727794974,431.61105437195005,432.9544291944124,433.82550877871483
2.820000000000002,-1.41539541833,-0.665867095111,17.8426222503,6.23931259804,0.174449757194,0.0,-1.85840745624,-0.643530895478,4.56384433301,0.0209890351361,0.0995329965657,0.0,452.95164375882746,452.2826069773361,449.12606014440934,452.57042446954193
2.880000000000002,-1.53027475571,-0.705305921645,18.1175484817,6.24071235219,0.180276928838,0.0,-1.97143582084,-0.670963215961,4.60000353782,0.0276404555067,0.0917979794942,0.0,442.40925480631097,441.7799313324454,441.9246539173479,442.47270076082754
2.940000000000002,-1.65240964589,-0.746445887936,18.3965749689,6.24222348071,0.186781623435,0.0,-2.10028598615,-0.700184816732,4.70021257944,0.0197584652722,0.129667099658,0.0,461.3554059332037,464.3452573470878,463.60515316061776,462.98542947813576
3.000000000000002,-1.78256617098,-0.789340093221,18.6823292139,6.24318189535,0.194937785962,0.0,-2.23901032727,-0.729478586478,4.82407217007,0.00706049282388,0.146187390104,0.0,471.71167760799864,473.00153934738097,471.595418293558,470.6133584014234
3.0600000000000023,-1.92065861408,-0.833858872173,18.9726048884,6.24306809953,0.203991510462,0.0,-2.36486435751,-0.754441234672,4.85132615271,-0.0335646558447,0.158944604752,0.0,443.2395898524944,444.3082559300666,444.6827535679794,441.34183268310545
3.1200000000000023,-2.06621746579,-0.879834941018,19.2632247678,6.24096091191,0.213143580269,0.0,-2.48791037002,-0.778260459213,4.83570472516,-0.038426313551,0.134927535185,0.0,431.9695296245527,429.9614470793893,430.0250320746093,429.61235976806734
3.1800000000000024,-2.21997452573,-0.927404489452,19.5558694943,6.23840035278,0.221005985082,0.0,-2.63804143608,-0.807601574695,4.91834360481,-0.0529240750338,0.121849104625,0.0,463.6501227388501,462.6362270641073,462.6556378971384,461.5116111706704
3.2400000000000024,-2.38256253001,-0.97671940568,19.8519166061,6.23512191454,0.227787063431,0.0,-2.78219305481,-0.836503773801,4.94936058256,-0.0583144854137,0.0824294867144,0.0,449.04951301449023,445.8502866260739,448.66799856523687,448.2280970089843
3.3000000000000025,-2.5541649418,-1.0278788539,20.15080178,6.23155086693,0.232638634285,0.0,-2.93831061959,-0.869123680415,5.01282023612,-0.0620378590651,0.0775208207388,0.0,460.1352487691249,459.75145196220933,458.8795372426335,458.5814506543494
3.3600000000000025,-2.73490913317,-1.08099187319,20.452063504,6.22736270384,0.237118623798,0.0,-3.08691196605,-0.901637986889,5.02880387479,-0.0936468536386,0.0682442307309,0.0,446.060360861981,445.3063466112347,446.8229751337575,444.2339928447328
3.4200000000000026,-2.92557687485,-1.13635030144,20.7580098328,6.22228363293,0.241348839463,0.0,-3.2689876578,-0.944155560385,5.16830905185,-0.0709593142019,0.0746753954558,0.0,486.06275154044107,486.54787220661143,482.62607638693686,484.330205342378
3.4800000000000026,-3.12714007424,-1.19432976116,21.0717236745,6.21801281499,0.245735942533,0.0,-3.4501271656,-0.988880961878,5.28778018631,-0.0716257321055,0.0698087875186,0.0,481.8875290958889,481.52314047714196,480.56230222178664,480.50830575995275
3.5400000000000027,-3.34007067607,-1.25518416019,21.3941088537,6.21331902067,0.249593675966,0.0,-3.64781981492,-1.04001401081,5.45704292813,-0.0966440217712,0.0500078930971,0.0,498.35380597756796,496.9065854227546,499.17776229732203,497.34399497164037
3.6000000000000028,-3.56334311429,-1.31876811993,21.7202746577,6.20740954865,0.252415110949,0.0,-3.7949337717,-1.07991771727,5.41497654613,-0.102464857853,0.0402674271599,0.0,435.37473371847403,434.5601819400284,435.1617028265895,434.66547684040415
3.660000000000003,-3.79572928519,-1.38490833761,22.0447334527,6.20120559511,0.254515112426,0.0,-3.95154167321,-1.1252619728,5.39999017059,-0.105335025663,0.0215475419439,0.0,445.5192836286795,443.98621867550236,443.93191617282594,443.68696671363006
3.720000000000003,-4.03797051294,-1.45400310543,22.3697956138,6.19496350368,0.255880512906,0.0,-4.12330685926,-1.17843515567,5.43482087165,-0.101555645949,0.0250712226605,0.0,460.83206134854504,461.11058210782494,460.8475911847513,461.13728285681145
3.780000000000003,-4.28949821535,-1.5260371152,22.692834529,6.18827961891,0.257105884405,0.0,-4.2612738396,-1.22316722817,5.33330829649,-0.153759751401,0.00896539322709,0.0,418.3405851063,416.9354731795239,418.74874725447506,414.1673718741625
3.840000000000003,-4.55082419498,-1.60140128644,23.0153341264,6.17855528668,0.257658593053,0.0,-4.44961188592,-1.28982446035,5.41576481562,-0.189033192103,0.00970015547329,0.0,476.9758462306382,477.0318391343213,477.88912691028486,475.16797809523933
3.900000000000003,-4.82219202805,-1.6804408219,23.337829017,6.16742303886,0.257941743981,0.0,-4.59623261554,-1.34567983201,5.33405797536,-0.17933923411,-0.00779368580999,0.0,425.92873937834815,424.4295399283813,425.70797981222495,426.50177553789194
3.960000000000003,-5.10267088591,-1.76312100536,23.6564280726,6.15667600665,0.25731800817,0.0,-4.75320551803,-1.4111810242,5.28572879412,-0.178677455919,-0.0161863938026,0.0,437.49434557280244,436.7949387380959,436.75112704151417,436.7747378633945
4.020000000000002,-5.39299084976,-1.85009665151,23.9735811825,6.14604506161,0.256642573484,0.0,-4.92418198238,-1.4888972021,5.28556767897,-0.174352499765,-0.00287552099422,0.0,451.92554870807083,452.9975384748835,453.7863369238464,454.10390533596944
4.080000000000001,-5.69319911386,-1.94170873083,24.2891657281,6.13569487147,0.25698282382,0.0,-5.0829707765,-1.56565844102,5.23368943884,-0.169044422647,0.0188360184805,0.0,436.2768853981474,438.08632826248174,437.14361689258425,437.5566921978444
4.14,-6.00357666625,-2.03842502416,24.603815384,6.12590097887,0.258295775385,0.0,-5.26314275968,-1.6590368188,5.25390607654,-0.153606037779,0.0273683254663,0.0,461.6553654302212,462.32825917766263,460.2180064473549,461.41408150539485
4.199999999999998,-6.32334242992,-2.14002651437,24.9140602388,6.11645310703,0.260228339375,0.0,-5.39619964976,-1.7283507144,5.08794450337,-0.166570814302,0.0404612975296,0.0,398.2130650070706,399.4098074345184,400.6447215710712,399.4371410884228
4.259999999999997,-6.65254851721,-2.24677898178,25.2194253306,6.10614776246,0.262583844301,0.0,-5.57765443363,-1.83086696804,5.09015521473,-0.184910942991,0.0367377399716,0.0,457.20646587405264,456.9103584067539,456.9958765862887,455.5034426362136
4.319999999999996,-6.99218017434,-2.35950274051,25.5228513234,6.0953987384,0.264398300076,0.0,-5.7437851583,-1.92741645032,5.02368868405,-0.1695986356,0.0122548490802,0.0,436.4512313997089,434.4028249059776,435.0616547821159,436.3102471484349
4.379999999999995,-7.34249939464,-2.47863112482,25.8245623063,6.08580147721,0.266487028473,0.0,-5.93378437145,-2.04429917676,5.03252720324,-0.145519203794,0.0605139044716,0.0,459.3740896981547,463.1863029864613,460.19096626353166,462.0697089384826
4.439999999999993,-7.70507314422,-2.60548502776,26.1294505846,6.0778945295,0.269800020534,0.0,-6.15231243461,-2.18476583438,5.12893805142,-0.113094252027,0.0416663463496,0.0,490.85318823515155,489.45387056420265,489.4304384465174,491.82341602458615
4.499999999999992,-8.08049693897,-2.74064107255,26.4387102521,6.0707615208,0.271937605038,0.0,-6.3620845778,-2.32091634876,5.1785692158,-0.134138960746,0.0194285995034,0.0,481.31495498175434,479.62903919880404,478.27094413158164,476.65306804764043
4.559999999999991,-8.46753521866,-2.88329574125,26.7471452771,6.06289033034,0.273351557935,0.0,-6.53957977907,-2.43483734554,5.10225141292,-0.125858882525,0.0307680654046,0.0,440.67723680301407,441.61389432455576,439.5508610899039,440.2206780426746
4.6199999999999894,-8.8654309728,-3.03300208246,27.0513643405,6.0551198569,0.274880110088,0.0,-6.72401569584,-2.55593904342,5.03790934457,-0.138032183918,0.0119383902936,0.0,445.6580046024765,444.1159405757681,446.4175128412272,445.407385910398
4.679999999999988,-9.27350566002,-3.18931486936,27.3482973279,6.04639243873,0.275628866655,0.0,-6.879019613,-2.65514238124,4.86011794566,-0.167536626927,0.0135396571715,0.0,406.07535159092976,406.2189072128488,408.2454112344035,405.58054012029885
4.739999999999987,-9.69200807785,-3.35256896401,27.6380996178,6.03621424741,0.276318690915,0.0,-7.07141547125,-2.7874095484,4.799371384,-0.174200012734,0.0070622913355,0.0,447.3010305543655,446.7729577530069,447.78338268622565,447.2134259223099
4.799999999999986,-10.12055904,-3.52255231983,27.9187848127,6.02545718715,0.277035523749,0.0,-7.21427965783,-2.8794845511,4.557358333,-0.192106990488,0.0202644427658,0.0,382.5216835484042,383.7771866975734,383.4104921428721,381.66757432715696
4.859999999999984,-10.5592158716,-3.69948418837,28.1898006767,6.01374140615,0.277942706855,0.0,-7.408036275,-3.01908495339,4.47590059842,-0.20245623321,0.00207289661503,0.0,442.38912038745815,440.88817656873397,440.0715079134189,439.17593262177814
4.919999999999983,-11.0091542118,-3.88456500861,28.4543684768,6.00153114695,0.278511418227,0.0,-7.59038888049,-3.15115493362,4.34273319517,-0.205683580536,0.0212312807781,0.0,422.95208523649285,424.5992883583963,424.1707876105468,423.85060826716335
4.979999999999982,-11.4707021249,-4.07830207799,28.712780875,5.98946973507,0.279536109345,0.0,-7.79496683437,-3.30761102745,4.27021440478,-0.193048220305,0.00711096612166,0.0,446.4251944917762,445.27115269741233,445.5644524531133,446.5569423075638
5.0399999999999805,-11.9450471642,-4.28204312996,28.9681431897,5.97768052246,0.27972245933,0.0,-8.0168468709,-3.4845824261,4.24077746658,-0.204431404298,-0.00643393623937,0.0,463.1577579483469,462.09092566751735,462.3192910524548,461.38497885385846
